# https://arxiv.org/pdf/2502.20434.pdf
# Fig. 4 bottom left panel
# k [Mpc^-1]  (Omega_i/Omega_m)^2*P_iso
0.00011598598286971945 1000.
0.00011598598286971945 5.864045022291284e-9
0.00014513364563047192 3.0261847573444046e-9
0.000187119280856448 1.5640313254944607e-9
0.0002523192682319427 8.064539532220126e-10
0.00035056865179860266 4.3472268529407836e-10
0.0004870794735067799 2.4871626396206075e-10
0.0006767504042122531 1.46389507454636e-10
0.0009402808885183998 8.665197987298209e-11
0.001306450975361303 5.6322619199773746e-11
0.0018153108766186244 5.0722055334712215e-11
0.0025225469979470684 7.10898192798266e-11
0.003505299955086366 9.63033329791653e-11
0.004870563241232307 8.19459612054251e-11
0.006767379546662302 5.7992730019690315e-11
0.009403099471652535 4.6891572951797726e-11
0.013065891399522913 4.8937411104411195e-11
0.018155915487695847 6.003110115678466e-11
0.02522909881106932 7.860199311012591e-11
0.035058576354806206 1.172558897863862e-10
0.04871938559181259 2.1759688274614005e-10
0.06770394894595494 4.3223904014000617e-10
0.08995844049475586 8.2575924620314e-10
0.10927137650411121 1.5725621524632172e-9
0.1274522916471399 3.126266649885271e-9
0.14244297357485053 6.78809941599608e-9
0.1564992237475683 1.4597344978945422e-8
0.1712078089294301 2.9448489022797806e-8
0.18729985830227414 6.161053453913164e-8
0.20489780319103318 1.0507799174637276e-7
0.20489780319103318 1000.