# https://arxiv.org/pdf/2404.01378.pdf
# Fig. 7 (orange)
# k [Mpc^-1]  P_iso
0.27515850218034604 1000.
0.27515850218034604 7.556397817926985e-7
0.3230044072436007 9.089060615230085e-7
0.38261311069127535 0.0000010462326507631272
0.4475477224892226 0.000001186645385381372
0.5379613748198415 0.0000014087981614122977
0.634537321510822 0.000001628375423478904
0.7318485932598799 0.0000018400296806854013
0.8673121186423515 0.0000020350236349559097
1.0265371801284686 0.000002305443280301527
1.199205402343648 0.0000025712640081069944
1.4077407086397122 0.0000028629735005792413
1.652540307882706 0.000003167331537229726
1.9399107586732527 0.0000034815710402795702
2.2772559206588765 0.0000037942946179281724
2.673263868920379 0.000004143986436299888
2.917587892755315 0.00000415338649406294
2.917587892755315 1000.