# https://arxiv.org/pdf/2404.01378.pdf
# Fig. 7
# k [Mpc^-1]  P_iso
9.953404908685462 1000.
9.953404908685462 0.5737385178780878
9.953964723468268 0.33018486499739597
9.95452456973703 0.19002043906090757
9.955040334769983 0.1142218429314076
9.955677867458313 0.06088713984691929
10.06004985686842 0.03487940665115928
11.276572824360745 0.019526050182745714
13.278329941096128 0.013052800767616717
15.7574640768753 0.009120722178417353
18.699478650724025 0.00632965549722869
22.190578986176106 0.0048127489522473855
26.33330363687236 0.0038654825397301212
31.24931090428624 0.003220172516442126
37.08298927767609 0.002732039788048592
44.0057093732464 0.002317901095475286
52.22066625950955 0.0020073670746712374
61.96899866999063 0.0017908076293612482
73.53700587150708 0.0016196471780469362
87.2645009949519 0.001458172108709189
103.55452338699048 0.0013188040425201769
122.8854710866575 0.001192756391498383
145.82487053446198 0.001088652975748331
173.04547127631116 0.0010496017560894186
205.34647945093488 0.0010496017560894186
243.67685737098833 0.0010496017560894186
289.1613198290634 0.0010762958803555206
343.1343483882639 0.0011525994135832376
407.1821152690986 0.0012203020042077524
483.18292605091864 0.0013400505156209738
573.3629422216612 0.0016419871797692168
680.3671249999654 0.0022195008400438475
807.334456776298 0.003249715695033923
957.9890111091299 0.0051070921673729034
1136.754436917681 0.008192680872283663
1348.8789907809412 0.013082636248896199
1600.5834190208288 0.0213737175847506
1899.2512701883088 0.035889181474680856
2253.640401616054 0.06293418715278326
2674.1589493492124 0.10935621552848838
3148.557635973849 0.1885941331542399
3649.8785152122377 0.33018486499739597
4231.019822535448 0.5795312494126726
4717.682374853242 0.820617170667632
4717.682374853242 1000.